child_SentrixID	pheno1	pheno2	pheno3	pheno4
CHILD1	0.943514929509715	1.0814906345323	0.173138426380571	2.12542411957675
CHILD2	0.92636303540315	0.985166145789483	0.0168269057433821	0.912257652827839
CHILD3	0.945686646078015	1.00141402668253	-0.0738824659925173	-0.0198017088672218
CHILD4	1.04135399319948	1.14276609642356	-0.109412073785091	0.91389922214317
CHILD5	0.979147395774466	-0.914826112015192	0.0139967844582358	2.02026718765796
CHILD6	0.946896057784679	-1.17870588629729	0.0544280232743642	0.863707899712136
CHILD7	0.839413448899952	-0.925641180294873	0.0260097152438301	0.00140045607440022
CHILD8	1.07989694553233	-1.1110060623227	0.0559993549942855	1.03633486434996
CHILD9	1.06844471134373	0.16507712874666	0.0087558862476189	1.77220419962605
CHILD10	0.964049913239189	0.16048671566153	-0.096207969527904	1.12013635399558
CHILD11	0.879060303395982	0.0579923788245404	-0.127615242597562	-0.111209097593807
CHILD12	0.889906126146925	-0.0360996086365888	-0.0561818675343813	0.871895186399105
CHILD13	1.08871145750585	0.133157884001198	-0.141205956501612	2.02547761972863
CHILD14	0.762837812841101	0.194105277195025	-0.0179315399883019	0.846378585983753
CHILD15	1.20760824711088	0.00171624022597764	0.0793371114583323	-0.0692896605727132
CHILD16	0.869434588344085	-0.0318653321001459	0.00928289266789362	1.17339290797152
CHILD17	0.116446234808799	1.94189550743388	0.0241095093902124	1.88773169304051
CHILD18	-0.0977313601563137	2.14965855193796	-0.0551421795839745	1.0952027557167
CHILD19	NA	1.95943595341408	-0.0398767278784731	0.297750211632542
CHILD20	0.0449607881515076	2.00674349646306	-0.126801760640193	1.13768236483998
CHILD21	0.0377109209353012	-0.0815644305217099	0.126703763076657	2.02388160889736
CHILD22	-0.146320399515424	0.0913885484409746	-0.196636572653091	0.935397281786906
CHILD23	-0.0118521633430068	-0.186890542465982	0.0916064428026592	0.173014874502739
CHILD24	0.17219991568304	0.0111696806747134	0.0733804460924018	0.864137678736997
CHILD25	0.09094631800952	0.864477196670033	0.0286797309780225	2.16065926881857
CHILD26	-0.0263851955373101	1.12102227651951	-0.0799219333505261	1.05697925052638
CHILD27	-0.0965225364024973	1.0474521391807	0.198325856856089	0.122449611896668
CHILD28	0.0369430456889139	0.956021548766331	0.0697718239622009	1.06856439662179
CHILD29	0.0263772204297262	1.03115407184935	0.129280877831186	1.97207200360153
CHILD30	-0.140772894266527	1.05852576005943	0.106850325733108	1.16551177727312
CHILD31	0.0259321229224098	1.0690762060261	0.0305713880784134	-0.045441682159353
CHILD32	-0.0200181772467703	1.02618440234231	-0.0716365132696283	1.082871805367
CHILD33	1.04605391941505	0.969003347381488	1.09244242695306	0.939127460748477
CHILD34	1.17576107549696	0.892867769244732	1.06217246460699	-0.0365982100509519
CHILD35	1.07249147725153	0.950297262277275	1.0851451627061	-1.02949391048595
CHILD36	0.972231695831713	1.01663627883094	1.2324002607901	-0.0668706357968158
CHILD37	1.09695875028541	NA	0.972148668286789	0.920641103902003
CHILD38	1.00422818553634	-1.0562658238944	0.956825074022507	-0.178727870431768
CHILD39	1.09090504479515	NA	0.932786766273934	-0.991304582966152
CHILD40	1.03974534638126	-0.972227911586981	1.02630225771229	-0.0460016465874092
CHILD41	0.878094491268722	-0.0182219211764149	1.07119033301783	0.959232108504373
CHILD42	0.880624672145511	-0.117968165748473	0.992802318321494	-0.0582115276574792
CHILD43	0.903572502529597	-0.111065072462542	0.901644134291017	-1.06611733289427
CHILD44	0.923301799887938	-0.0242147944120836	0.993993724820518	0.262666794544105
CHILD45	0.955781724212796	0.0470141341765591	1.06816820650324	1.08285266161338
CHILD46	1.0576553886245	0.162304377297414	0.938999453524896	0.0646904434107694
CHILD47	0.934139594161041	0.0584145338078601	0.758352466434742	-1.09326091352326
CHILD48	0.941383448700925	0.00055044114867681	1.00247726630632	0.0903545677052877
CHILD49	0.0610401430393726	2.09320082956796	0.877362822062139	1.23241479645645
CHILD50	-0.0781533955809682	2.00605002149586	1.17902238671919	0.0744700172360298
CHILD51	0.0315067200040446	1.90633417287528	0.914937337874665	-0.86824172855963
CHILD52	0.0145151676900506	1.95547914402922	0.888003848308771	0.103045704909021
CHILD53	0.0189578899496543	-0.18271201936785	0.985975190862943	0.976780950056761
CHILD54	-0.00626836919417356	-0.143805575465254	0.975590810820766	-0.0959769187833578
CHILD55	-0.138723391572001	0.0116349605118754	0.99764010807515	-0.971466194918743
CHILD56	-0.050752235325029	-0.0323512028826409	0.845956099874561	-0.0670171912934755
CHILD57	0.081795370844931	0.940093971647532	1.00451610335719	1.08422433301612
CHILD58	-0.0361930988930426	1.09550931108242	0.909672950665403	-0.0876227350461993
CHILD59	0.043388793663437	1.00440409125367	1.07823396565479	-0.972064224375031
CHILD60	0.0954186596016329	0.930860287321321	0.911658566563575	-0.0416110986906955
CHILD61	0.0728620058799799	1.05184415714426	1.08959634837102	0.926315766332868
CHILD62	-0.0637992750925781	1.05023833092151	1.08700918011387	0.0765068931835283
CHILD63	0.0975315363157842	1.05432815183917	0.966209839193904	-1.06951586338862
CHILD64	-0.0320702131885823	1.04636360130268	1.14218415436997	-0.0445205154128485
CHILD65	1.07554756326366	0.941228371208687	0.090900037982161	1.91857600181381
CHILD66	0.920980127580013	1.11312133582602	0.031060313973417	1.01708178246328
CHILD67	0.994340021771831	0.833166528258007	0.0865144620102536	0.0191785923744399
CHILD68	0.99960127797183	1.1602573908808	-0.00374286088756887	1.04287528934731
CHILD69	0.970713370938931	-0.837572173549656	0.0372286913827694	1.95147679577023
CHILD70	0.947491165091809	-0.946205808310409	0.0444254318302427	0.801573842364292
CHILD71	1.05353695570783	-0.877319187607202	-0.192335149623477	0.152448556783587
CHILD72	1.03822127401739	-1.03805022193243	0.20238680916486	1.03417342830715
CHILD73	0.836948340488009	0.0594840410839367	-0.11093119147177	1.97371488525664
CHILD74	0.82134773621349	-0.09619431767536	0.0986965889902146	0.997967943468698
CHILD75	0.999346043266035	0.109766523205092	NA	-0.118596602571839
CHILD76	0.919806990936581	-0.0179705726803386	0.151182216329669	0.981486494214694
CHILD77	1.21182642170456	-0.0849775308246166	0.203878169392123	1.82609776144508
CHILD78	0.882576517077138	-0.0256930650802881	-0.00270663378400683	0.799926500356113
CHILD79	0.884040370204919	0.178919525108706	0.0965075766279678	0.0155626004110119
CHILD80	NA	0.145641302533133	0.0859399121740688	1.21700799811358
CHILD81	-0.158298248000522	1.91939400287243	-0.0252828918235623	2.07175857585593
CHILD82	0.125445663375445	2.05344661799547	-0.0289591963597523	0.92703897645682
CHILD83	-0.247969453463824	2.0650012191992	0.20436134044248	0.0859629636812771
CHILD84	-0.0412704253240032	2.10285210816086	-0.0363488906732751	0.72639033091427
CHILD85	-0.0473917953688822	-0.0333843648699731	-0.00905100937133552	2.05118835137583
CHILD86	0.15771403525036	0.135690367403851	0.00596434960640427	1.05826642119871
CHILD87	0.0510920314665775	0.0604368011512875	0.0151124105129199	0.0321370926824399
CHILD88	-0.0968329060485354	0.148282239813198	-0.0262893047838559	1.16106619235378
CHILD89	0.0128189206190619	0.976172517086359	0.154428262340686	1.84851471082245
CHILD90	-0.104174992634011	0.831317457900266	-0.113960323583091	1.11669816553294
CHILD91	-0.0151860288193931	1.00392901786586	0.0448041274048459	0.0752992454936951
CHILD92	-0.0662539974571283	0.95456515705431	0.0532272958918724	NA
CHILD93	-0.060788966287332	1.11357705366725	0.041313875812351	2.09548400985969
CHILD94	0.0779777331238231	1.09175199380294	-0.108342120667406	0.910788772527718
CHILD95	0.065768366572252	1.06912116878363	-0.211568660138257	-0.234611435608931
CHILD96	-0.0019668801548945	1.06447497064197	0.0497127505859587	0.922024454634641
CHILD97	0.861584976610997	1.02333846875109	0.942827658582768	0.899244699092358
CHILD98	1.10691165534725	0.895429478102871	1.0652059979799	-0.109956261968611
CHILD99	1.20144845261629	1.14431156440385	1.00925947070363	-1.00977065248343
CHILD100	1.07929978291986	1.15358305435228	0.971510979908527	-0.00115997026629147
CHILD101	1.01176932175892	-1.19616061357363	1.20332505840172	0.953710758917898
CHILD102	1.1106128806387	-1.07263339440978	0.935094041327986	-0.147523842433294
CHILD103	0.950428969775924	NA	0.973110282144108	-0.853710310113244
CHILD104	0.896091792461825	-0.790930252557571	0.853801696377059	0.144581578271483
CHILD105	0.914342791737324	-0.104478387912553	1.07600157024467	1.10404204729486
CHILD106	1.12631482823375	-0.000136180718333822	0.895671480806992	-0.0024949003707976
CHILD107	1.13011344520388	-0.00931518499483529	1.0773784137828	-1.03833994246513
CHILD108	NA	-0.214787711392994	1.13623652245473	-0.0749804237342568
CHILD109	1.05064370713232	-0.115064719308804	1.01042585053767	0.917631503919554
CHILD110	0.959005482424831	-0.0564934278220193	1.01562527110791	-0.00585199137642037
CHILD111	1.13486008123077	-0.00693040059714418	0.833567006564058	-1.04616958732662
CHILD112	0.8776913398849	0.0951296109425782	1.00690265204339	0.0240593418231534
CHILD113	0.22503174024665	2.02020194642177	0.843120203655469	NA
CHILD114	-0.102461434604518	2.21982372570176	1.02438215450149	-0.021431898008834
CHILD115	NA	1.89096692367727	0.801447497396204	-1.02958998115802
CHILD116	0.0295804175809732	2.11100838983817	0.966574722420321	0.0568703319817638
CHILD117	-0.157130294615373	0.0518474576753789	1.06917168807948	0.997755254937394
CHILD118	-0.0850858035069241	-0.00456102908997204	0.997331050653046	0.0395373742095483
CHILD119	0.10514751774283	-0.0535074595496244	1.00847719131917	-0.928456490304296
CHILD120	-0.10771251724309	NA	1.17822529113602	-0.0877601885545222
CHILD121	0.0130087949481171	1.11226529865705	1.08220910769335	0.97506109280548
CHILD122	0.129898277567224	0.943888318104589	1.04669125047338	0.177217043232814
CHILD123	-0.186897917331268	1.05339070631228	1.05765266528902	-0.984237941268527
CHILD124	0.0480914595878801	1.02324906174599	0.95451652707675	0.130831384933748
CHILD125	-0.0895852837115393	0.98935996119985	1.03677597975361	0.944097670122645
CHILD126	-0.0939506915684967	0.928849890384038	1.08122182040165	0.0377783901202053
CHILD127	0.0356785519257173	1.01878083944396	0.960094749773529	-0.970223900282957
CHILD128	-0.040993957718967	0.942408947780209	1.0390565593	0.0567501305151634
CHILD129	0.95886406396267	1.05006671310708	-0.103868035526474	1.9309395711492
CHILD130	1.03985906143436	0.913758516013209	-0.0742079147541384	1.00035844987006
CHILD131	NA	1.00417793782452	0.0944137638648126	0.0364188983052276
CHILD132	1.01494436404269	0.967749519907573	0.1034587288936	1.14821006329377
CHILD133	0.997982957180419	-1.01272935623652	0.150623703588231	2.07031450143941
CHILD134	1.05334911716099	-1.06494906356023	-0.120002128618892	0.900369600745911
CHILD135	1.10222820697742	-1.01739240266176	0.0220206140766286	-0.0443860178882112
CHILD136	0.834363877073973	-0.969791946404886	0.0969671909329932	0.971139574199242
CHILD137	1.27827727165971	0.11713559106152	-0.090099892540272	1.93002460760889
CHILD138	1.02023173903131	0.106510783797317	-0.022205774800481	1.11877909259723
CHILD139	0.955560097359076	-0.0302276557406778	-0.0840052306963904	0.101006920856374
CHILD140	1.17578924756335	0.198797159418194	-0.128181387035848	0.817381214930921
CHILD141	1.07739011889906	-0.0145646892191006	0.00687661375096574	2.08960543609314
CHILD142	1.04884522877275	-0.150099391882758	-0.0521320963688551	0.959611082816066
CHILD143	0.911634467668901	NA	-0.0878025469408214	0.039004493327733
CHILD144	1.06892273834022	0.0523801939700217	-0.0228538619395965	0.913088340065332
CHILD145	-0.0955007610817191	2.10383137476041	-0.0192963776198498	1.880057180873
CHILD146	-0.132655808384317	1.89322262212453	0.0910248604317775	1.09223875032968
CHILD147	0.024457850056153	2.17559415168146	-0.0936594901272541	0.0619713184951202
CHILD148	0.157098727597142	1.97607980950432	-0.109321682581216	1.12015604331185
CHILD149	-0.0895006255894453	-0.0774261605430433	-0.0188935270446405	1.86189554610305
CHILD150	0.0365865591088462	-0.0116837586078473	-0.0439269314720569	1.1009145109013
CHILD151	-0.0650507999215656	-0.0527201275519973	0.00913669529142032	0.0290901497720294
CHILD152	-0.0605801484384353	-0.0243664424585182	0.120988594729289	0.894405545784337
CHILD153	0.00862025133828528	0.977614493205529	0.0392762337948666	2.04428860459017
CHILD154	-0.107652020949007	1.10772879746103	-0.186620506651336	0.977553343321593
CHILD155	-0.0618073991182214	1.07566538039399	-0.0336618648197319	0.126972105526606
CHILD156	-0.00711409769199842	0.966039526135933	0.00174837337079044	0.994864592293239
CHILD157	0.00793131980402915	1.03229223911173	-0.247878492416855	2.02536754967973
CHILD158	0.122931105699609	1.02190669928201	-0.0174190600954859	0.939248299592556
CHILD159	-0.0304278107435348	1.02207339557638	-0.00204936820670592	-0.00293167184507792
CHILD160	-0.051134044725972	1.00639494744568	NA	1.10454107722553
CHILD161	1.0283330124825	0.966547339922428	0.977145609532049	0.947303527216196
CHILD162	1.12550519839368	0.931716865153696	1.14055515075437	-0.086211618519217
CHILD163	1.10886656488539	0.904777529387813	1.00363729847237	-0.94906351515872
CHILD164	0.92547474620843	1.02593585763252	0.934411633262232	-0.0245072000816628
CHILD165	1.05655273684875	-0.737434081648026	0.970903146598913	1.04739178638135
CHILD166	0.90834975889011	-0.925828287819269	0.91876405822734	0.0808657343935607
CHILD167	0.985596484343024	-0.912034083614465	1.03639360916656	-0.904768807597693
CHILD168	1.02699988759299	-0.819812873711525	NA	-0.00654804438087796
CHILD169	1.13546442587851	0.0345404164638677	0.96339723314123	1.03278462504491
CHILD170	1.02681400637361	-0.0919133921634604	0.911640366989121	0.106757239039288
CHILD171	0.759557992929795	0.0377374256470555	1.02728374177275	-0.949822031494125
CHILD172	0.99729733150149	-0.211083307169891	0.941673310376835	0.0854758983995964
CHILD173	1.0868164414224	0.0204981401485612	NA	0.972883192281407
CHILD174	NA	-0.103172392657195	0.930336032707309	-0.129214778055293
CHILD175	1.1014397595376	0.215418839168186	0.954693484668381	-1.04197996408324
CHILD176	1.01223975934094	0.066516084796563	1.0286486837826	0.0953241064458143
CHILD177	0.0454236853398265	1.9806502781788	1.09364553763986	0.973219265744343
CHILD178	0.0626954087094842	2.12155951286077	0.950591065279022	-0.080749509533032
CHILD179	0.0209606595807991	1.93818838887613	1.02563769105818	-1.02692840655964
CHILD180	0.067957020591007	2.02667894568598	0.970855289405132	0.0812006798220571
CHILD181	0.00479350843188585	0.0203327839277639	0.743025180490523	0.925502209986737
CHILD182	0.00669210613098068	0.225401000970707	1.06220175114663	0.201610108169032
CHILD183	0.0959220592204512	-0.000223522310356048	0.857911440994639	-1.00760566276316
CHILD184	0.0682677216670376	-0.0247393595279727	1.02072620510047	-0.0692059740985407
CHILD185	-0.0812013884376577	1.03316223628094	0.936115687540783	0.975188363920201
CHILD186	-0.028393287613807	0.948283702023952	0.90263139915859	0.0245871459804838
CHILD187	-0.0987712454513238	0.915660481710677	1.01805449910956	-1.0561795783388
CHILD188	0.161253119605959	0.849323999367641	0.992529710292243	0.0742881459395791
CHILD189	0.050141946565724	1.06152364356473	0.963786953437372	1.04881954801827
CHILD190	-0.0567863891561343	1.11795955661659	1.06246007606957	0.147953023827027
CHILD191	0.0445151045969894	1.03184029328314	1.012728511818	-0.99470522615867
CHILD192	0.154790518569745	1.06418246980443	0.999864920509319	-0.0492512745855031
CHILD193	0.88879653358848	0.896960727089957	-0.0766573957841807	1.88470698858358
CHILD194	0.846815612244047	0.856173012630663	-0.0109236202165002	1.07075181127392
CHILD195	1.036532654088	1.03076831867713	0.187279344517456	0.0221156823369168
CHILD196	0.951301746490495	0.933491658808123	-0.0705486766182466	1.16697170437664
CHILD197	0.949993166989582	-1.20155862424465	-0.0648181211350801	2.01815749369603
CHILD198	0.995539499608377	-1.07764537282429	-0.142166979886091	0.903173076624182
CHILD199	1.13070851393254	-1.02895114349936	-0.00858408399307513	-0.160158600001124
CHILD200	1.07808005704012	-1.24449240328973	0.0293901177296703	1.09685615592341
CHILD201	1.07557243521983	0.065321618062518	-0.0280255299866815	2.07594126799989
CHILD202	1.01947063726373	0.0875836835484553	0.0893258487323427	0.677332235795143
CHILD203	1.14906498030491	0.0519721349548636	-0.125080845335945	0.190971454277041
CHILD204	0.912380027278164	-7.96882630033256e-05	0.0493835376398865	0.968770864344903
CHILD205	0.975219667091046	0.0889754996056648	-0.0974796564927936	1.98254250557619
CHILD206	1.10914784890915	0.242127548406451	0.0502667744729362	1.09309150129726
CHILD207	1.07239249890721	0.106989870095614	0.146901400718593	0.185292845888012
CHILD208	0.930219042833878	-0.0242155726582708	-0.0645410599014822	0.907449325243481
CHILD209	0.00682777077596855	2.09009061327704	-0.115202199887347	1.9860096840164
CHILD210	0.0897676303601525	1.88521952662484	-0.0141895969636877	0.907391005080378
CHILD211	0.11807076562523	1.77337612579467	0.148350896272448	-0.00155829900778558
CHILD212	0.138994586178334	2.15504976177262	-0.0545295635583265	1.07769762809936
CHILD213	-0.0306428430004483	0.00179226977860247	0.115631310607931	2.12240688599801
CHILD214	-0.0100957060465846	-0.0237857152707158	0.0607548607447807	NA
CHILD215	-0.0535174522760317	0.0668534149704122	-0.0315545974761081	-0.0827052958726754
CHILD216	0.160646628154244	-0.107038818565141	0.131880968898289	1.18880367870531
CHILD217	-0.0354352030259727	0.960486823840902	0.00427139137960381	1.99842983276258
CHILD218	0.00641270532652065	0.834497773313467	0.0268734882695205	0.911121225592738
CHILD219	0.0725074815272127	0.907864918970014	-0.0480301973595762	-0.190899520125632
CHILD220	0.065460355692722	0.83972305314632	NA	0.960018290077553
CHILD221	0.0491839907700572	1.10302796647462	-0.110194759015934	1.8602289208787
CHILD222	0.119285214534897	0.938020034071604	-0.0747490831243864	0.916283840889279
CHILD223	0.0716150297590293	0.908701466717828	0.075187696603492	-0.0408479534101042
CHILD224	0.0809371787780014	1.12950447124251	0.0450028187035272	0.90895696755042
CHILD225	1.19329146664435	1.04072623000437	0.914856047541324	1.03632999211728
CHILD226	1.13446079754208	0.89643792565013	1.00059921440727	0.0878645778127631
CHILD227	0.930536954683139	1.04758397035771	0.954048140727361	-0.963359873189639
CHILD228	0.999751632242065	0.919347738056081	0.898492242348569	-0.0582781727896019
CHILD229	1.17436857893478	-1.18418030690048	1.03072358161602	1.00466762802896
CHILD230	1.07569220160765	-0.859537939248276	1.15533402745729	0.0411885379212538
CHILD231	1.00728912164615	-0.987166537972095	1.08605849345158	-0.8916226110423
CHILD232	1.17980729595225	-0.924293331449542	1.06038937502581	0.057427694417768
CHILD233	1.01504893576504	0.00231690662126253	1.07136207266958	1.21108680408072
CHILD234	0.847860281419918	0.096563466400337	1.07227135830111	-0.144636819471958
CHILD235	0.877706662073634	0.0887518507322516	1.13051394084345	-0.979739884298642
CHILD236	1.02873296460025	0.0253253518694986	0.899600580617679	-0.0841007451212974
CHILD237	1.10253322383143	0.068974576866981	1.00450215623776	1.07873469983191
CHILD238	0.887609475630469	-0.0354313511378319	0.842919076866805	0.0305493966584656
CHILD239	0.848256343403676	-0.116977245433842	0.910955388690031	-0.947630668243612
CHILD240	1.04972183984344	0.0220279049255455	0.949334446622448	0.213672348447156
CHILD241	0.223055512221644	1.98242895148486	0.826260980487929	1.09580622226504
CHILD242	0.0474485499264718	2.07494768873161	1.06808935861841	0.0839205337758861
CHILD243	-0.042304168395617	1.90661877811637	1.01240848343499	-1.06850362465484
CHILD244	-0.139610417838848	2.13318957330003	1.14148715833189	-0.0467645378210142
CHILD245	-0.053333048538363	-0.178724437079063	0.953907239610816	1.10172587650313
CHILD246	0.0407570027684796	0.0346870902481592	1.1909952145299	-0.0148519781909997
CHILD247	0.0289455105652643	-0.0779812420232999	1.09414886310075	-1.12908952727061
CHILD248	0.17829730363816	-0.105788954932433	1.04183425932577	0.00991860100055741
CHILD249	0.0729945187004191	0.903772446501779	0.876723257936722	0.959576871453807
CHILD250	-0.0993524524726252	0.957829380893929	1.05193015927978	-0.0634224327455136
CHILD251	0.0698684108697518	0.813250947523006	0.890512477021124	-0.821341670701182
CHILD252	0.102385602653261	1.04077015421709	1.03152787582916	0.13297615093034
CHILD253	-0.167340888355914	0.985079804035878	0.883453977374013	1.02915513748799
CHILD254	0.0112104265780704	1.07808178697845	0.919879780025379	0.0348563099703865
CHILD255	0.141310392295599	1.03776383726759	1.02577643868746	-1.02765931164066
CHILD256	-0.0512091509942516	1.10564606227803	0.863855863374985	-0.0202825858730811
CHILD257	0.860537566577295	1.0451919542862	0.100688342904434	2.11142156459593
CHILD258	0.929898640647549	1.00644536386608	-0.0481811334241116	1.0281416789372
CHILD259	0.899930274895849	0.86349897128737	-0.0172913177614241	0.0166600261549161
CHILD260	1.01075219384913	1.24729184675224	-0.0906945421236053	1.22221176062344
CHILD261	0.963658062658369	NA	-0.0900794227114088	2.08821641591999
CHILD262	1.05650584370802	-0.916514380287068	0.192892404998948	0.755886568266509
CHILD263	1.08719251788534	-1.03469670978225	0.00847335105131963	0.0424986268261653
CHILD264	1.04308533470363	-0.980631416372486	-0.0807095409259899	0.908490455764513
CHILD265	1.19465891094127	0.0122067539634993	-0.0771477291643499	1.91647352233916
CHILD266	0.971091115083741	-0.0773546455227983	0.0411855582564733	0.920061219709887
CHILD267	0.868732330050083	0.0729652591000989	0.18305226824398	0.148175417135493
CHILD268	1.06057688168835	0.0796468919032622	-0.109755077041768	0.950131581490277
CHILD269	0.85236308365993	-0.0772284366297459	0.154333299597811	2.1007017347134
CHILD270	1.06066976421481	-0.0271078429405839	-0.0674485619765973	0.932238251623224
CHILD271	0.899360427694507	0.21399051767518	-0.0274355333383644	0.0146306202155118
CHILD272	0.922294573644578	0.10016960830243	0.127418676520466	0.934657269663049
CHILD273	-0.0847997444967527	2.12303471835007	-0.0284889026311774	2.02232664996026
CHILD274	-0.0720160904911127	2.08067904269204	-0.129831289573485	1.10844769418378
CHILD275	-0.017195755541884	1.99918380195125	0.0587432009643251	-0.0619707242677063
CHILD276	-0.0465614661162992	2.03950030085544	-0.0719683929871304	1.00121805060431
CHILD277	0.0333702713060844	0.0187285630798991	0.0711762658410245	1.94808465886174
CHILD278	0.112940796600812	0.0885724577020467	-0.0834345098439497	0.984336899348453
CHILD279	-0.0176705400515351	-0.00609207744323169	0.061858399810718	-0.112560133185065
CHILD280	0.0862182527743196	-0.0677609026507848	0.0861314388665385	1.045284391058
CHILD281	-0.0705801922480729	1.03895042843307	-0.0213674265947545	2.08397767374248
CHILD282	-0.121504470341665	0.851990168741207	-0.0675387077758484	0.926397775450766
CHILD283	0.0708733946838547	1.13110452641716	-0.168897848165049	0.0560059433685054
CHILD284	-0.232386731455441	0.924252578610652	-0.052157628779678	1.00371888435206
CHILD285	-0.0640924340249957	0.901236271981497	0.136469069098299	1.92843488807749
CHILD286	-0.0594227109622041	1.11468494387268	-0.0149770662712431	0.959762526077028
CHILD287	-0.00110258654824258	1.00064048450785	-0.054530465096489	-0.052683245680228
CHILD288	-0.0117806199137865	0.945601088648737	-0.102644174009817	0.935774628303432
CHILD289	1.05692975928032	1.22152768773204	1.05557393491194	0.981103546608392
CHILD290	1.02979885134397	0.973642822896345	0.843140468402152	-0.14284176758149
CHILD291	0.955207542512724	0.970266611320684	0.786177816612041	-1.02135476436866
CHILD292	1.10044986794684	1.12563078183234	0.954310881166238	0.0446530229857609
CHILD293	1.04031587390013	-1.05330520104182	0.95159399896436	0.779510927985383
CHILD294	0.971555382952639	-0.994030008115224	0.941441075422548	-0.0481082155300697
CHILD295	0.934521271899479	-0.95121434259503	0.937808793117386	-1.00198443039151
CHILD296	1.00303661830939	-1.14413071277933	0.842660277331463	-0.0385312005717502
CHILD297	1.02131817566065	-0.0860495033318219	1.09518554192637	1.0215138860736
CHILD298	0.952557981705028	-0.0730325338822751	1.08994446708029	0.0231996373853244
CHILD299	0.981146193617047	0.115413353197071	0.919315900989158	-0.794285727019024
CHILD300	1.10466831860315	0.0759104968184099	1.12686332479888	0.0432222414617667
CHILD301	0.889087092503959	0.0317579066117829	0.986006105004463	1.13945876337238
CHILD302	1.14923892896152	0.135434981496097	0.941172342807419	0.0283806468208054
CHILD303	1.03145397329862	0.0471719045991369	1.00947947794466	-0.920089108561351
CHILD304	0.962946463356169	-0.0338566352601636	1.08920253484154	0.130850957976801
CHILD305	-0.0607607049725339	1.99756009306951	0.989276265990063	1.1399794329966
CHILD306	-0.0963066400002684	2.11407010601225	1.1132337610264	0.148723149533585
CHILD307	0.0701217282375031	1.94201458870319	0.971592613398451	-0.953353966114043
CHILD308	-0.0596528113039395	2.01833525557377	0.833673427338527	-0.0711986886963569
CHILD309	-0.0549291703626457	-0.158656928238121	0.94946170507552	0.955436358589163
CHILD310	-0.127966177541111	-0.00428623890149661	0.997361963922682	0.11478468420631
CHILD311	-0.104842837223065	-0.0975013802458977	0.781176388585683	-1.0617288865297
CHILD312	0.163349115540523	0.187680761759651	0.821114073488924	-0.104468250598787
CHILD313	0.037293075845229	0.881879137518064	1.07230428238406	1.09763029518018
CHILD314	0.0159411223023012	0.923698112835306	0.97302201667498	-0.131226552598684
CHILD315	-0.107681275950533	0.983172158784152	0.968091983682833	-0.79796910538309
CHILD316	0.159877792498054	1.02463591173108	1.0003629162521	-0.0533681597239679
CHILD317	-0.0219937633705199	1.0035041990056	1.07907315857948	0.909312142935142
CHILD318	0.186539421028062	1.13623777718225	0.918787687657644	-0.0080969817083044
CHILD319	-0.0197554526529296	0.978481036535068	0.916237787255242	-1.08510041274578
CHILD320	-0.0189945200628083	1.02622811455903	1.02784367698356	0.074138061737543
CHILD321	0.990745522984579	0.923150392307025	-0.0282291351165155	1.95344086870593
CHILD322	1.09922589044173	0.874078389968634	0.134897905150675	0.918947185851399
CHILD323	0.904055996749356	1.10885215624729	-0.0336404661028629	0.122528425749516
CHILD324	1.0065785403743	0.997584012987375	-0.0648685123762132	0.935997949915916
CHILD325	1.08710993713832	-0.975170366115702	0.135182688886229	2.07242241546211
CHILD326	1.00062159654421	-0.939933748588184	0.119659845216373	0.879398575098473
CHILD327	1.08528632435203	-0.835475147887945	-0.105431232988189	-0.00193680577169989
CHILD328	1.07787389144976	-0.979259250665084	0.109426618916568	1.03983583578914
CHILD329	1.10315930220829	0.0867413202843271	0.0650668853411949	2.09449090156802
CHILD330	1.13748790511207	-0.0696438342182564	-0.059209387635737	1.06712543066375
CHILD331	1.05622639885417	-0.217461159387431	-0.0944785179133285	-0.119392390011081
CHILD332	1.18953986625945	-0.0249926189305078	-0.186902031123902	1.06900121890785
CHILD333	1.02012958738319	-0.000305933251420519	-0.0129602766853724	2.14455628867202
CHILD334	1.25402654944638	0.0889672682841216	-0.0607176566254989	1.08902084434047
CHILD335	1.07288601571792	-0.00455058356554068	0.142970224925534	0.0410844223217749
CHILD336	0.965133477758993	0.0818207449546887	0.285236223921428	0.824809925582772
CHILD337	0.025155853523543	1.89610519778641	-0.0151254902383231	2.04547612041957
CHILD338	-0.208402875552621	2.07033343158743	-0.148558657905497	0.975638976401757
CHILD339	0.0630945370281361	2.09942381890632	0.0957562113698217	-0.0225484912198561
CHILD340	0.0680006800367974	1.8258390311324	-0.022002783998702	0.945078426209645
CHILD341	0.129686893052269	-0.0778294702211919	0.0532204939594381	1.96719770182936
CHILD342	0.0472855052198832	0.0161406955106719	0.0332561102796447	0.982582833452495
CHILD343	0.0550125347895349	0.0483425091173546	0.0739442702566592	-0.0705254838732327
CHILD344	0.011380234996789	0.0887602983375309	0.094227049788642	0.880446069764797
CHILD345	0.104571921749613	0.978115205103963	0.0195845987078058	1.99535431703084
CHILD346	0.0261299177929788	1.02585299731255	-0.0842433823756678	1.0891498889046
CHILD347	0.129198538703694	1.09364892078847	0.0928201902324977	-0.0783118210145534
CHILD348	0.217417998338489	0.885563774405476	-0.0447167833803144	1.085223345097
CHILD349	-0.0592997390483289	0.876478695028338	NA	2.05640844919514
CHILD350	0.023329228684626	1.16079366360652	-0.140963431728883	1.01352915460245
CHILD351	0.0460601098120453	1.01223117010354	0.0990045881423974	0.0461242349618347
CHILD352	0.192688130028293	1.15510340516892	0.0149823698921463	1.0359549939738
CHILD353	1.17349567343523	1.12964335601404	0.984784246874346	1.0894169184952
CHILD354	1.02320356577139	0.762423416660086	NA	0.120772596100939
CHILD355	0.993303296890779	0.982392748201193	0.919074904251248	-1.09348304966126
CHILD356	0.903985451110932	0.836950585478802	1.30662099238792	0.0647573379264035
CHILD357	1.09412914166011	-0.943301788131778	0.901470883106959	0.899148588147644
CHILD358	1.14986726581551	-1.01156963451839	0.965124611188531	0.183436501688694
CHILD359	1.11355594919512	-0.938875186412279	1.04438075016065	-0.951587791458008
CHILD360	1.07875122112788	-1.01893005224532	1.00611554765468	-0.0203910071619516
CHILD361	1.0116648492167	0.175604935269836	1.05349738722626	1.05331011913748
CHILD362	0.745858665686848	-0.0457104399139627	0.984370353281116	0.106076519724866
CHILD363	1.07248012122827	0.00483554494695696	0.954026986746583	-1.0114562672389
CHILD364	0.95935620856239	-0.0310639969322219	1.09737556263343	-0.0574906842703478
CHILD365	0.967971956672345	-0.0602041173765043	0.793928764459892	0.991850086628459
CHILD366	0.93189971698857	0.0147164266940216	1.11711893156106	0.0329333774067355
CHILD367	0.791042466488733	0.0607631562205121	0.856265986638848	-1.10012509262157
CHILD368	0.944379320416749	-0.0435848897245873	0.813359982363662	-0.0573849387423515
CHILD369	-0.0912833935504702	1.90698058080791	1.11392194213939	1.03991507478558
CHILD370	0.0863001698403948	2.06168599291883	0.939002730239619	0.0463876105792704
CHILD371	0.0803365173801528	NA	0.945399377427938	-0.987435104679683
CHILD372	-0.214988541207453	1.96687113241689	1.07746037441469	-0.0746061684673787
CHILD373	-0.104178488133446	-0.0180834075696289	1.00707662130364	1.04767450309099
CHILD374	0.0825577773462211	-0.0422220761223299	0.889884494074383	0.239917072581302
CHILD375	0.113079464178798	-0.0439478304635743	1.08000731324688	-0.904986387564849
CHILD376	-0.00759138961584092	0.13984980189074	0.953350871038559	-0.0494701859925556
CHILD377	0.0273692011161735	0.958679233462364	0.87137266595739	0.84958541167481
CHILD378	-0.173273104142931	1.10715659806535	1.09919932867115	-0.0501067423656428
CHILD379	0.0343025823460302	0.947016694800867	1.01547453631707	-1.06747787680004
CHILD380	-0.0571061912629073	1.07821240830901	0.920321018161489	-0.136155556578981
CHILD381	0.0453045119872613	0.978688679772367	0.825178390023047	1.0077345504168
CHILD382	-0.0642049706185771	1.05599611098526	0.942678561709191	NA
CHILD383	-0.0498305047273556	0.865649008587507	0.984138778101155	-1.03252010486876
CHILD384	-0.0897303172096048	0.951327479128611	1.28856062500215	0.162797373998034
CHILD385	1.10437583993351	1.09183219766823	0.128108184736087	1.86477522786438
CHILD386	1.05897638035842	0.992911307954056	0.250129626283152	1.05962255364864
CHILD387	0.950171495483162	0.861012478647974	-0.00249172897085058	-0.0457480484919065
CHILD388	0.936161316337866	1.00597766867583	-0.0172864652266218	0.990595471851731
CHILD389	0.891484391322389	-0.974090961186266	-0.104128997863307	1.83256785046357
CHILD390	1.14872078684315	NA	0.0151963214757672	1.02801253403248
CHILD391	0.909396367733738	-0.945140793000047	-0.246165891619375	-0.106261686255273
CHILD392	1.17068235540586	-0.924317383101531	-0.00453632702000543	0.985192266111267
CHILD393	1.03623742953023	-0.266496013285582	-0.0181546480214976	1.97883948861843
CHILD394	1.15536508614188	0.0143786977035502	-0.137812460468831	1.05324925666871
CHILD395	0.911939928491695	-0.106422309778924	-0.106892273450969	-0.017787697779479
CHILD396	1.02690845638552	0.0551482684385166	0.0950469373672123	1.03697331859325
CHILD397	1.08187173287639	-0.0779303482778798	0.0663434095422503	1.87487435619056
CHILD398	0.896965664199703	-0.0104868068764753	-0.0872544610031813	1.06981205521986
CHILD399	0.970936454239706	0.0887879360002304	0.00792049948360805	0.0105096041865378
CHILD400	0.884020079201334	0.0480800836856116	-0.199990353428541	0.933921403536134
CHILD401	0.00587604604380001	2.11342510626456	-0.0560078901656965	2.15045058337652
CHILD402	-0.126485510423489	1.79291233772003	-0.000332587734290479	1.13902924656033
CHILD403	0.0138618638295357	1.90417385265213	0.103021535626235	-0.0789302031026106
CHILD404	-0.161390411236381	1.99793866288107	0.0638854580986358	0.974322871146827
CHILD405	0.136872513333944	-0.028305296824985	0.0954657713276875	2.03967250335119
CHILD406	0.143297884050183	-0.104444973232832	-0.0751840945836963	1.14353935544199
CHILD407	-0.00195016517826325	-0.15835967306973	0.0996702978243229	0.182420658040806
CHILD408	-0.0351457440466151	-0.044387932030331	0.0538969115007246	0.925956958128804
CHILD409	0.102113504591781	0.883951005841108	-0.167524249127151	2.00732695736928
CHILD410	0.09242537542407	1.06221826614827	-0.0525379027792345	1.09064925151139
CHILD411	0.00614437533447544	0.98892283133713	0.0818188746178196	-0.111123327888111
CHILD412	-0.0626588971353519	0.841477226735541	0.0189967015722835	0.984059068004798
CHILD413	-0.105129964640152	0.971847722917827	0.0451938082277932	2.00621373587204
CHILD414	-0.0773341457580762	1.00062157155319	-0.213811024540397	0.850878870216611
CHILD415	-0.000780053932093128	1.12093435281502	0.0556006096755421	0.0435427457151388
CHILD416	-0.0703548181325598	1.10309490316456	-0.156131543739488	0.957588341542118
CHILD417	1.05651682839935	0.959597717090399	1.06368506112374	1.04648822297232
CHILD418	0.911496828495608	1.09943982659428	1.05191870676588	-0.0852701512667618
CHILD419	0.884470787150949	0.970717121134374	0.882569394226909	-0.980380635554115
CHILD420	1.163079540566	1.09269092509289	1.01289221770007	0.156080401884778
CHILD421	0.975003125965747	-0.919692778315908	1.06910234216222	0.948407666155839
CHILD422	0.952492473886646	-0.955871326300402	0.851062475918119	-0.0368029314379306
CHILD423	0.939595445562144	-0.998204370960273	0.986669115126376	-0.92105273472665
CHILD424	1.02230091896203	-1.03875700720774	0.958976596971324	0.0109170786510786
CHILD425	0.931054283581415	0.0318890480935696	0.979681659059864	1.11084118040209
CHILD426	1.05298843958798	0.00460237251449314	0.978350773060363	-0.0118336715633099
CHILD427	0.929473313550847	-0.0807014956125276	1.07625704202766	-1.05956738847855
CHILD428	1.23259213704076	-0.0123161044652347	1.00243294557748	0.11009568652391
CHILD429	1.05495722264839	0.120466743917527	1.07028135482813	0.961723402811534
CHILD430	0.978193866891394	0.069565938238153	1.21876906365649	0.148572817469404
CHILD431	0.888436532303912	0.0898064613693365	0.942713084857412	-1.03667428800067
CHILD432	1.07089086874362	-0.0045439457746952	0.861251418506089	-0.0176539395070617
CHILD433	0.0134975618852796	1.9133710189824	1.02951946767129	0.954614053384525
CHILD434	-0.202823613401687	2.05906776249134	1.14582410207709	0.0310749385823095
CHILD435	0.0660232051288983	2.12338700239989	0.966269774896754	-0.932753770923914
CHILD436	0.0255824990400519	2.1397588778668	0.998359521789553	-0.0650780375167678
CHILD437	-0.176777640250929	-0.0398453433312187	1.00665278213802	0.98567355529291
CHILD438	-0.137868957568063	0.0143929154317688	1.08039655168249	-0.0957578846312083
CHILD439	0.135546629135655	0.101460244514164	0.850177372127118	-0.863550278512565
CHILD440	0.0669381853579472	0.0558401704481178	NA	0.0301636802462692
CHILD441	0.00037259233483872	0.900810518654661	1.27502421864559	1.14438096217361
CHILD442	-0.077661023551398	1.02802999307919	1.09060123620806	-0.0392218301538212
CHILD443	0.0544038269175356	1.03080347492761	1.01187686380418	-0.963494462032933
CHILD444	0.0677540951712765	1.12286328528143	1.02893167589217	-0.0140570373702923
CHILD445	-0.125576702739907	1.19772139291489	0.98583614939488	1.0828238183264
CHILD446	0.0504519564243491	1.14357917914659	1.06537254455129	0.0590851383126762
CHILD447	0.253474937542372	1.10747340181932	1.00848629589932	-0.904578417554699
CHILD448	0.00867657954180454	1.16294209671869	1.11244120995704	-0.0490536451896309
CHILD449	1.2939660573847	1.06512235490939	-0.111943437376696	1.9696939455173
CHILD450	0.670880039001184	1.02805368896696	0.216533163277382	1.14698246517789
CHILD451	0.97166192587241	1.12082657843118	-0.0574077655471198	0.192516774926907
CHILD452	1.09212654276008	1.11523186864091	-0.088653750400418	0.982482150717233
CHILD453	1.0110772852871	-0.817250750074958	0.148236849798282	1.96830061919789
CHILD454	1.10028135061832	-1.0856548298235	0.0602311887108549	0.877683948580338
CHILD455	1.02264788040479	-0.933961882426996	-0.0915054426648726	-0.0810720987758445
CHILD456	1.16078483940344	-1.13764399851081	0.0036651606602532	1.14959279404779
CHILD457	0.865220327217806	0.0961179097713427	-0.0714088070399897	1.88187923614161
CHILD458	0.965771778290565	-0.0258348616934409	-0.124715610550861	0.951054768817554
CHILD459	1.01860826088708	-0.0240023644791846	0.00497883918565288	-0.1352551744686
CHILD460	0.967158770920629	-0.0233215602481179	0.00155654584748494	NA
CHILD461	0.97960789226235	-0.109487381812444	0.0946760879197048	2.03208673727628
CHILD462	1.14066933277774	0.0742721369555458	0.0930773652119714	1.02367327157298
CHILD463	0.829919899672202	0.029246867413166	0.140110046292959	-0.0403933849973015
CHILD464	1.0963757054533	0.061479118308978	-0.122105937817161	1.22705483989956
CHILD465	0.177237521886313	1.93446180945885	-0.0614845381064696	2.06703323391571
CHILD466	0.0753805696668982	2.04080795123394	0.028989238691398	1.0552194960349
CHILD467	0.0791135652808195	1.97643402157475	0.038060020525061	0.109054679436398
CHILD468	0.109203325257191	1.9926695793	-0.0350990400642203	0.873855714893519
CHILD469	0.00897877444181982	0.0756128630779789	-0.0157948192451071	2.13285336647884
CHILD470	0.0926732990193058	0.0495765977543463	0.0142561558841255	0.886325337562825
CHILD471	-0.0267709435571985	-0.0961187201839381	0.0105004367959257	0.0411284000234424
CHILD472	0.105629105350138	0.117222771157233	-0.0392703723984228	1.0873825361743
CHILD473	-0.0318737368726187	0.819860158882895	0.0729772223884552	2.14146891006018
CHILD474	-0.121140932658837	1.04080857975598	-0.083953710448759	0.955957661308808
CHILD475	-0.0577563913021162	1.0326997588426	-0.112619938189127	0.00791177099404782
CHILD476	-0.0779662446612734	1.07862701752048	0.00403305212380194	0.938302434511952
CHILD477	0.0576282460154946	0.925214752268409	0.0505688532989712	2.14895517764692
CHILD478	0.158009401755813	1.17856820156697	0.0748444023637035	0.976216530836448
CHILD479	-0.253652871837183	0.929492318882989	-0.0329815503570798	-0.0353425989480873
CHILD480	-0.136257615729013	0.92556243795658	-0.0713456340050872	1.02135123460385
CHILD481	1.08052017214817	1.09161338898161	0.979585016252923	0.989100704725145
CHILD482	1.01535587602594	1.00208646165735	1.02060611896763	-0.0148015291065148
CHILD483	1.04021581224082	0.895184080246872	0.904139366763916	-1.17263476188403
CHILD484	NA	0.917739580468155	0.761635153454133	-0.13729902830011
CHILD485	1.05791707342031	-1.04151614529757	1.25151546474794	0.939424792672608
CHILD486	0.819943119858824	-0.912634556087882	1.03312674127627	0.022115357301583
CHILD487	1.13252819369524	-1.13775278273348	0.973637493927917	-0.764200245901596
CHILD488	1.01546717362351	-0.97550266598397	1.16079705472581	0.158873217336916
CHILD489	1.06858733171213	-0.0289357165446243	0.758846151151203	0.970328288645246
CHILD490	1.00902823115297	0.0565112932799229	0.995926882295751	0.0331837544021017
CHILD491	0.944389280968823	-0.235984552397008	0.912515809899682	-1.27820895302946
CHILD492	0.988918755750725	-0.0878847862932632	1.09045548163415	0.0834170905849234
CHILD493	0.949771942039076	0.0443673054987807	0.947913951050636	1.01369968575442
CHILD494	1.01364593547657	-0.158248178331101	0.946460929389131	0.198232800681127
CHILD495	0.958562925732879	-0.204596020091088	1.0499240547188	-0.968534636020689
CHILD496	1.10887774734393	0.160582973004011	0.988258378257453	0.165505271724017
CHILD497	-0.133281421896379	1.90958105071452	0.994784949925624	0.860913930884255
CHILD498	-0.224829299051999	2.17741725720584	0.991184406294362	0.0518437471553283
CHILD499	0.0909111102220683	2.11323924346449	0.974387534999972	-1.00156930086361
CHILD500	-0.121846618921516	2.28500674032123	0.98312823005035	0.105936572680243
CHILD501	-0.0362922058854489	0.0860261773802943	0.843752320187272	0.834099123404265
CHILD502	-0.062860561267348	-0.188432491826135	1.01998299523071	0.0557042529768418
CHILD503	-0.068155073968314	0.0892649128345884	1.00381505100169	-0.895333281454442
CHILD504	-0.0537737633677774	-0.0489874920363161	0.916101734156929	-0.0545916161218842
CHILD505	0.10869072032645	0.879917864875572	1.06328291080915	0.772722608401185
CHILD506	0.165144584710026	1.19058462810489	0.933094096177912	0.0461656272732911
CHILD507	-0.00174632700629039	1.14512139379143	1.12931681989774	-0.927948460331503
CHILD508	0.0834948919114608	1.02027267783499	0.862491899001588	-0.0774116227271101
CHILD509	-0.037743289026596	0.906743622107498	1.04024709529305	1.05467408660144
CHILD510	-0.15266645417751	1.1176213803911	0.988172556672666	0.150965184375941
CHILD511	-0.0259927113707726	1.05123737180859	1.06608844099416	-1.22071953274107
CHILD512	0.107244178917097	1.19210913617469	1.01607398212397	0.15063096722749
CHILD513	1.12199200981072	0.920342043380312	0.121387128703655	1.98690872611839
CHILD514	0.984375831405493	0.957701634802925	-0.187095577807389	1.04493085419654
CHILD515	1.04512716548295	0.793813478869553	-0.110253031758918	-0.0887035957131411
CHILD516	1.05183845783304	0.940950497327188	-0.0229579334631922	0.863158187303989
CHILD517	1.17047313296813	-1.03143926129605	-0.113890454775619	2.12884339015419
CHILD518	0.934881501227474	-0.913388985653781	0.219166443959805	1.09682210019111
CHILD519	1.08921020855345	-1.03991009167039	NA	-0.0901037886385637
CHILD520	0.917652446619731	-1.1162546571799	0.0525894979049948	1.06394718040622
CHILD521	0.933047329792342	0.0717310754235703	-0.0730791759313062	1.93443974194728
CHILD522	0.948961191706321	-0.0322294977942311	-0.184355424762013	0.884987234874417
CHILD523	1.00476895771357	-0.0492830095217684	-0.014058641782472	0.190351128933179
CHILD524	1.00319775618724	-0.0427492588008218	0.0309009749292625	0.810872343922197
CHILD525	0.764516162075701	-0.0779166299679144	-0.272039333333349	2.23158572621104
CHILD526	0.959587910585882	-0.148212017042051	0.010455888567303	1.18163328198249
CHILD527	1.09663577757076	-0.00999468876954264	0.0908139033250356	-0.197866355140247
CHILD528	1.07380388578019	-0.0768097225226693	-0.0229184831140534	0.845870689322699
CHILD529	-0.0872801666499945	2.03023313823991	0.077948082477752	2.04205861722709
CHILD530	0.276561675167922	2.25250960063718	0.0397725477021965	0.889459213187551
CHILD531	0.0690282855061628	1.8995851567269	0.0308925031100726	0.0128177567442319
CHILD532	0.0457217981443803	1.99546327056161	0.0470716945830858	0.944209223760715
CHILD533	-0.133144508198079	-0.0128559112761407	7.64276787834348e-05	1.83653456502259
CHILD534	-0.0813278678119188	0.0682097402279861	-0.0102260068611959	0.858486078239889
CHILD535	0.169059806828293	-0.02445607129484	-0.0668716195938883	-0.00792340950055614
CHILD536	-0.115058668135275	-0.0667859184560229	-0.0076130275480048	1.02190457900127
CHILD537	0.108771282201756	0.843482620235701	-0.0837960789581763	1.90789976847915
CHILD538	0.130839866185526	0.994143771711947	-0.0475933303942301	1.21793603028289
CHILD539	-0.0903324204370561	1.12486046312808	0.1619134448229	-0.0133183115847168
CHILD540	-0.161593040037626	1.16924150511993	0.0762085240929471	0.940577486734783
CHILD541	-0.116435199583337	0.973167436758033	0.142134742581414	1.98582787380514
CHILD542	-0.190598463396	0.875304468010985	-0.148827872116604	1.02142661799071
CHILD543	0.0699109143451033	1.14922078889749	0.0172962589417313	NA
CHILD544	-0.0445438021673174	1.19767114662688	0.040940544122319	0.922022091911651
CHILD545	0.856012877326251	1.06270077584337	0.806974056608108	1.16833290712594
CHILD546	1.12475228744221	0.934229932672697	0.988677418847478	0.0858906887614276
CHILD547	1.06424148065646	1.19440649854085	1.06804173795937	-0.929466809802347
CHILD548	1.1009080613904	1.21258171717486	0.948179055821839	-0.117983790293904
CHILD549	1.03245181956692	-0.871957843069039	0.961705437969045	0.82961037511771
CHILD550	0.893837277695956	-0.823093584423234	1.01990913439197	0.0177042381141089
CHILD551	0.926792412537758	-0.949826209041924	1.08064112384247	-1.0947428837472
CHILD552	0.967485465070266	-0.893697162999599	1.12027158259063	0.0723585721346787
CHILD553	1.0269511784089	-0.00519418987955098	0.97023610336448	0.976196461133682
CHILD554	1.07227785507809	-0.126022558873787	0.990085914409669	-0.00530953570138265
CHILD555	0.815815824107073	0.0955626328901226	1.27386156983781	-1.05960790727181
CHILD556	1.03593345059878	0.0568645422628693	1.05134785318391	-0.0968538848468139
CHILD557	0.862491285990029	0.0161587810151316	0.897855859997804	1.06471475723859
CHILD558	0.886630491342007	-0.0011121634903917	0.961073790653797	-0.0251311206058176
CHILD559	1.07935399212101	0.0398787166638053	0.920051984776932	-1.05684103058755
CHILD560	0.950014099347278	0.0215484592941711	0.95478303714963	-0.113347582633235
CHILD561	-0.0105388088878558	1.94188752063174	0.874190471879009	1.03464148437876
CHILD562	NA	1.88686159856757	1.09703480966501	NA
CHILD563	0.0460472608822237	2.06342300376273	0.846087332449013	-1.00200909316965
CHILD564	-0.205829141783244	1.85920002687471	1.12874495045802	0.010126564170331
CHILD565	-0.0805355755745905	0.18585393149516	0.916861367012604	0.722272026203482
CHILD566	-0.0139456837557133	0.120115754644393	1.12213093577566	0.132803599958695
CHILD567	0.0376162780655919	-0.161073423346357	1.05411856020587	-1.07614018074576
CHILD568	0.0661151026559289	-0.0546127047982556	1.02526774544601	-0.0539204760136656
CHILD569	0.0297934539110094	0.824378952603241	1.02447074487453	1.13061010832888
CHILD570	0.0654614694482137	1.0228834486312	0.959151832384387	-0.0534160911177331
CHILD571	-0.0354490381621261	0.873836886651108	1.00751002031624	-1.06346950749277
CHILD572	-0.00252605397192967	0.989109832253744	1.0361716799743	0.0507276469286172
CHILD573	-0.138075214991606	0.846356922891044	0.94859146699953	0.995549722221551
CHILD574	-0.0538341276934481	0.997413719908405	0.964795899207709	0.0236887110797134
CHILD575	0.130391131770778	0.98345421436945	NA	-1.06834408518637
CHILD576	0.0533887547180969	1.07939541089737	0.974925676621381	-0.0803834642510842
CHILD577	0.918085245573248	0.90595622215061	-0.117998062486172	2.10359883203202
CHILD578	0.99296038844105	0.994402060122292	0.0355862920114976	1.13160698045203
CHILD579	1.10089063046752	0.974636877788852	-0.0885227012538862	-0.141324817542429
CHILD580	1.14738088169844	1.12668103416235	0.175593869542401	0.997918213462392
CHILD581	1.1427503817452	-1.10794048288032	-0.0984819792457018	1.81275795627533
CHILD582	1.07035270622708	-1.17738450418551	-0.0432494943137755	0.855196376723829
CHILD583	1.09993735806294	-0.936492453644543	-0.101605650178958	-0.0591628891228157
CHILD584	1.11229515927575	-1.12753521846044	-0.0873402308276801	1.07006914852016
CHILD585	1.05818238862024	0.146212372358355	0.115651948282806	1.80224261573619
CHILD586	1.14543452108663	-0.0144938552504463	-0.0354152268068211	0.979375145755169
CHILD587	0.930632886017867	-0.0971179017730106	-0.0517233844546147	0.0527633391386352
CHILD588	1.08317218667765	0.0742026599497417	-0.0980544673511066	1.09311022813063
CHILD589	0.919136749305489	NA	-0.0168780883591325	2.03281090835168
CHILD590	0.900496157702691	-0.149983732666089	-0.132626709291164	1.02579944861282
CHILD591	0.930672669672719	-0.170170553914127	0.0475293817484996	-0.103443231789295
CHILD592	0.974389958948381	-0.0762009664905029	-0.0633201480441409	1.01140533440581
CHILD593	0.0881368554341273	2.13184056612054	-0.051597934972135	1.71888427345882
CHILD594	-0.135333386289702	1.90210780866752	-0.0770943043341194	1.02781222873811
CHILD595	0.0302453361864678	1.97848544871631	0.0984314829270087	0.078206352558277
CHILD596	0.150542176506015	2.01918424331711	-0.121668442710556	0.987834771115967
CHILD597	0.0555782244435222	-0.0427841674386852	-0.126118824238388	2.01217249608409
CHILD598	-0.0580432238998837	0.172516569648122	0.0619910866132685	1.07355780045249
CHILD599	0.0667530067237701	0.131946446576044	-0.138722733462934	0.179892455890898
CHILD600	-0.10586163282836	0.0177126371886214	-0.139395153901737	1.08665979574759
CHILD601	-0.0398039406212055	1.14440481926564	-0.0225890050499642	1.84012641987813
CHILD602	0.0270173407194531	0.967259800068208	0.0553445925821884	0.958338969877133
CHILD603	0.0252634750687851	1.13342066181374	-0.0327177197493093	-0.120996988217052
CHILD604	0.132329121640823	1.03205364389251	-0.195183637966312	NA
CHILD605	0.062662704635486	0.894755035260781	-0.0439047951538589	2.03499193448226
CHILD606	-0.111332494879053	0.975301694787045	-0.113206415815358	1.06673455329956
CHILD607	0.13492494826392	0.893165539698368	-0.177312307547415	NA
CHILD608	0.0756296275982451	1.02633695967227	-0.12340975308856	0.95487320710502
CHILD609	1.11123118039657	1.15225097907	1.05430222865563	0.992074014250613
CHILD610	NA	0.822051697655775	1.16063987256864	0.112020826293437
CHILD611	0.892970405349268	0.954929666094134	1.03781116038766	-1.066554746631
CHILD612	1.04185465004132	1.05576511166765	0.979033498358336	-0.0485659648318233
CHILD613	0.959393427236487	-0.961282267820012	1.15417347614059	0.992928736152846
CHILD614	0.998753621086292	-0.781359684066019	1.00666497712637	0.0501040807703921
CHILD615	1.05087037814945	-0.792242085327558	1.01181722675417	-1.04026684462653
CHILD616	1.03342969438265	-1.09051137951378	0.940807819199269	-0.0515453722317568
CHILD617	0.876112199883213	-0.11444096609456	1.05041545911274	0.920880560653979
CHILD618	0.861695993182227	-0.0979459779443235	1.08242500331439	-0.262390109997892
CHILD619	1.0328595726669	0.166460394840134	0.978775817117465	-1.00869390638736
CHILD620	0.975639042476065	0.135000021829614	0.973674971679448	0.0271507018164425
CHILD621	0.974406058039555	0.0885312546477053	0.701856525079358	0.986433494125355
CHILD622	NA	0.0447745658277437	0.8545118984542	-0.0692968312984549
CHILD623	0.917343143352968	0.0490159851077039	0.81690833641775	-0.885093284072468
CHILD624	1.06907171572672	0.0239609224942975	0.885864590631432	0.095215780297071
CHILD625	-0.0354820949726771	1.8845305207761	1.10791889459596	1.06001642121202
CHILD626	0.0865781995628854	2.08030816496852	1.04698684009821	-0.105406047284678
CHILD627	0.0858065945203134	1.97477555239625	0.914222137822445	-1.05890000603144
CHILD628	-0.0288527320903911	2.02128885847919	0.835505176909653	0.0340238601452706
CHILD629	-0.134944671215807	0.11747765923351	1.08092758562158	NA
CHILD630	-0.0764053492363706	0.0892588569531476	1.03671915687482	0.042473151326302
CHILD631	0.0774548399269201	NA	1.01009905360427	-0.92218628678477
CHILD632	0.099993222392897	0.0213597371906244	0.959650221668332	-0.162686406205743
CHILD633	0.150797276473593	1.04683888061866	0.988085186168303	1.01261363133974
CHILD634	-0.0738311337056818	0.959435639096075	1.10388705393538	0.0483288212356798
CHILD635	-0.0335368497183356	0.95367387115246	1.05019328485036	-0.94458091134532
CHILD636	0.091392340410138	1.03875765500118	1.14818793358891	0.169089060469152
CHILD637	-0.0866767150531135	0.91453335620106	0.899453602017641	1.03399710711133
CHILD638	-0.111611521199888	1.01540422788963	1.05017489578455	0.0634947518058655
CHILD639	-0.259846242354576	0.726209418092652	0.901948781827177	-0.982779759900839
CHILD640	0.0325949361580029	1.07372488119555	0.952156352285281	-0.0293988820713005
